rho0 = 1.2;
g = 9.8;
V = 500;
M = 100;
m = 200;
P = 101325;
mu = 0.029;
R = 8.31;
h0 = 100;
Tup = V*P*mu/R/(rho0*V-M-m);
T0 = 300;
alpha = T0/Tup;